[gd_scene load_steps=10 format=2]

[ext_resource path="res://estados/bonus/entorno/banker/banker.material" type="Material" id=1]
[ext_resource path="res://estados/bonus/entorno/banker/Mesh.mesh" type="ArrayMesh" id=2]
[ext_resource path="res://estados/bonus/entorno/banker/Root_Root_ShakeFrighten_Root_ShakeFrighten.anim" type="Animation" id=3]

[sub_resource type="AnimationNodeAnimation" id=1]
animation = "Root|Root|ShakeFrighten|Root|ShakeFrighten"

[sub_resource type="AnimationNodeAnimation" id=2]
animation = "Root|Root|ShakeFrighten|Root|ShakeFrighten"

[sub_resource type="AnimationNodeStateMachineTransition" id=3]
switch_mode = 2
auto_advance = true

[sub_resource type="AnimationNodeStateMachineTransition" id=4]
switch_mode = 2
auto_advance = true

[sub_resource type="AnimationNodeStateMachine" id=5]
states/Root|Root|ShakeFrighten|Root|ShakeFrighten/node = SubResource( 2 )
states/Root|Root|ShakeFrighten|Root|ShakeFrighten/position = Vector2( 289, 91 )
"states/Root|Root|ShakeFrighten|Root|ShakeFrighten 2/node" = SubResource( 1 )
"states/Root|Root|ShakeFrighten|Root|ShakeFrighten 2/position" = Vector2( 854, 91 )
transitions = [ "Root|Root|ShakeFrighten|Root|ShakeFrighten", "Root|Root|ShakeFrighten|Root|ShakeFrighten 2", SubResource( 3 ), "Root|Root|ShakeFrighten|Root|ShakeFrighten 2", "Root|Root|ShakeFrighten|Root|ShakeFrighten", SubResource( 4 ) ]
start_node = "Root|Root|ShakeFrighten|Root|ShakeFrighten"

[sub_resource type="AnimationNodeStateMachinePlayback" id=6]

[node name="banker" type="Spatial"]

[node name="Root" type="Skeleton" parent="."]
transform = Transform( 0.00997996, 0.000615615, -0.000146379, -1.03132e-05, -0.00215473, -0.00976509, -0.000632694, 0.00974568, -0.00214977, -0.0109857, -0.135523, -0.173415 )
bones/0/name = "Pelvis"
bones/0/parent = -1
bones/0/rest = Transform( -4.37289e-08, -1, 0, 0.988775, -4.28408e-08, 0.149412, -0.149412, 1.49012e-08, 0.988775, -4.84288e-08, 1.07288e-06, -87.6276 )
bones/0/enabled = true
bones/0/bound_children = [  ]
bones/1/name = "spine_01"
bones/1/parent = 0
bones/1/rest = Transform( -0.980128, -1.49611e-07, -0.198365, 1.4938e-07, -1, 1.61308e-08, -0.198365, -1.38214e-08, 0.980128, 1.78814e-06, -7.08827e-08, -10.3933 )
bones/1/enabled = true
bones/1/bound_children = [  ]
bones/2/name = "spine_02"
bones/2/parent = 1
bones/2/rest = Transform( -0.980791, 1.49154e-07, -0.195062, -1.49937e-07, -1, -1.0751e-08, -0.195062, 1.87025e-08, 0.980791, -1.49012e-06, -6.21725e-14, -18.1512 )
bones/2/enabled = true
bones/2/bound_children = [  ]
bones/3/name = "spine_03"
bones/3/parent = 2
bones/3/rest = Transform( -0.975318, -1.49134e-07, -0.220805, 1.4913e-07, -1, 1.66883e-08, -0.220805, -1.66523e-08, 0.975318, -2.14577e-06, 1.49012e-07, -17.9038 )
bones/3/enabled = true
bones/3/bound_children = [  ]
bones/4/name = "neck_01"
bones/4/parent = 3
bones/4/rest = Transform( 0.996517, -6.58706e-08, 0.0833936, 6.49707e-08, 1, 1.35048e-08, -0.0833936, -8.03966e-09, 0.996517, -3.09944e-06, -3.57628e-07, -11.189 )
bones/4/enabled = true
bones/4/bound_children = [  ]
bones/5/name = "head"
bones/5/parent = 4
bones/5/rest = Transform( -7.68007e-08, -0.15885, 0.987303, 1, 3.56482e-08, 8.9407e-08, -5.04122e-08, 0.987303, 0.15885, -7.36117e-06, 5.58793e-07, -12.1645 )
bones/5/enabled = true
bones/5/bound_children = [  ]
bones/6/name = "eyes"
bones/6/parent = 5
bones/6/rest = Transform( 1, -3.10523e-08, 1.78206e-08, 3.10523e-08, 1, 0, -1.78206e-08, 0, 1, 9.08167e-07, -9.44762, -12.2722 )
bones/6/enabled = true
bones/6/bound_children = [  ]
bones/7/name = "eyebrows"
bones/7/parent = 5
bones/7/rest = Transform( 1, -3.10523e-08, 1.78206e-08, 3.10523e-08, 1, 0, -1.78206e-08, 0, 1, 8.92736e-07, -12.7669, -12.2722 )
bones/7/enabled = true
bones/7/bound_children = [  ]
bones/8/name = "clavicle_l"
bones/8/parent = 3
bones/8/rest = Transform( 0.0820341, 0.880376, -0.467129, 0.0114636, -0.469511, -0.882852, -0.996564, 0.067069, -0.0486082, -4.19145, 7.44715, -5.80115 )
bones/8/enabled = true
bones/8/bound_children = [  ]
bones/9/name = "UpperArm_L"
bones/9/parent = 8
bones/9/rest = Transform( 0.997458, 0.00598206, 0.0710114, -0.0380118, 0.887538, 0.459164, -0.0602786, -0.460696, 0.885509, 1.38767e-06, -1.64837e-06, -13.1979 )
bones/9/enabled = true
bones/9/bound_children = [  ]
bones/10/name = "lowerarm_l"
bones/10/parent = 9
bones/10/rest = Transform( 0.996591, 0.00672323, -0.082228, 7.80645e-07, 0.996673, 0.0815008, 0.0825024, -0.081223, 0.993275, -0.144905, 0.143622, -33.9474 )
bones/10/enabled = true
bones/10/bound_children = [  ]
bones/11/name = "Hand_L"
bones/11/parent = 10
bones/11/rest = Transform( 1, 8.47361e-07, -5.63865e-08, -8.49224e-07, 0.997432, -0.0716155, -4.44245e-09, 0.0716155, 0.997432, 3.76209e-05, 0.038144, -27.1145 )
bones/11/enabled = true
bones/11/bound_children = [  ]
bones/12/name = "thumb_01_l"
bones/12/parent = 11
bones/12/rest = Transform( 0.9832, 7.48783e-07, 0.182534, -0.0974932, 0.845418, 0.525133, -0.154317, -0.534106, 0.831214, -1.1707, -4.50554, -3.51406 )
bones/12/enabled = true
bones/12/bound_children = [  ]
bones/13/name = "thumb_02_l"
bones/13/parent = 12
bones/13/rest = Transform( 0.956687, -0.0450699, 0.28761, 0.111832, 0.969037, -0.220138, -0.268783, 0.242768, 0.932105, -2.89083e-06, -4.14286e-07, -6.37021 )
bones/13/enabled = true
bones/13/bound_children = [  ]
bones/14/name = "indexFinger_01_l"
bones/14/parent = 11
bones/14/rest = Transform( 0.999964, 9.15607e-08, 0.00852473, -0.00111943, 0.991342, 0.1313, -0.00845091, -0.131305, 0.991306, 0.398712, -2.67265, -10.3966 )
bones/14/enabled = true
bones/14/bound_children = [  ]
bones/15/name = "indexFinger_02_l"
bones/15/parent = 14
bones/15/rest = Transform( 0.98066, -0.000184649, 0.195722, 0.00440959, 0.999767, -0.021151, -0.195672, 0.021605, 0.980431, -1.42957e-05, 1.40738e-06, -4.09359 )
bones/15/enabled = true
bones/15/bound_children = [  ]
bones/16/name = "indexFinger_03_l"
bones/16/parent = 15
bones/16/rest = Transform( 0.993406, -0.0108603, 0.114136, 0.0167242, 0.998582, -0.050545, -0.113425, 0.0521206, 0.992179, 4.98709e-05, 1.90848e-06, -3.79122 )
bones/16/enabled = true
bones/16/bound_children = [  ]
bones/17/name = "finger_01_l"
bones/17/parent = 11
bones/17/rest = Transform( 0.993598, -4.78141e-06, 0.112969, 0.00992522, 0.996137, -0.0872532, -0.112532, 0.0878159, 0.98976, -0.115967, 3.28334, -9.98254 )
bones/17/enabled = true
bones/17/bound_children = [  ]
bones/18/name = "finger_02_l"
bones/18/parent = 17
bones/18/rest = Transform( 0.999081, 0.00444078, 0.0426257, -0.00609915, 0.999226, 0.0388545, -0.0424202, -0.0390788, 0.998335, -8.96305e-06, -3.80154e-07, -4.24878 )
bones/18/enabled = true
bones/18/bound_children = [  ]
bones/19/name = "finger_03_l"
bones/19/parent = 18
bones/19/rest = Transform( 0.982229, -0.0228114, 0.186297, 0.0492588, 0.989123, -0.138596, -0.181109, 0.14531, 0.972669, 9.42871e-06, -2.468e-08, -3.51339 )
bones/19/enabled = true
bones/19/bound_children = [  ]
bones/20/name = "clavicle_r"
bones/20/parent = 3
bones/20/rest = Transform( -0.0820343, 0.880375, -0.467129, 0.0114634, 0.469511, 0.882852, 0.996563, 0.0670692, -0.0486082, -4.19143, -7.44715, -5.80149 )
bones/20/enabled = true
bones/20/bound_children = [  ]
bones/21/name = "UpperArm_R"
bones/21/parent = 20
bones/21/rest = Transform( 0.997458, -0.00598229, -0.0710109, 0.0380118, 0.887538, 0.459164, 0.0602781, -0.460696, 0.885509, 0.000656178, 3.3666e-06, -13.1979 )
bones/21/enabled = true
bones/21/bound_children = [  ]
bones/22/name = "lowerarm_r"
bones/22/parent = 21
bones/22/rest = Transform( 0.996591, -0.00672317, 0.0822275, -8.08478e-07, 0.996673, 0.0815009, -0.0825019, -0.0812231, 0.993276, 0.144764, 0.143631, -33.9475 )
bones/22/enabled = true
bones/22/bound_children = [  ]
bones/23/name = "Hand_R"
bones/23/parent = 22
bones/23/rest = Transform( 1, -5.81543e-07, 5.14195e-08, 5.83732e-07, 0.997432, -0.0716156, -9.63986e-09, 0.0716156, 0.997432, -0.00011339, 0.0381397, -27.1145 )
bones/23/enabled = true
bones/23/bound_children = [  ]
bones/24/name = "thumb_01_r"
bones/24/parent = 23
bones/24/rest = Transform( 0.9832, 1.75089e-07, -0.182534, 0.0974921, 0.845418, 0.525132, 0.154317, -0.534106, 0.831214, 1.17107, -4.50555, -3.51401 )
bones/24/enabled = true
bones/24/bound_children = [  ]
bones/25/name = "thumb_02_r"
bones/25/parent = 24
bones/25/rest = Transform( 0.956687, 0.0450701, -0.287608, -0.111832, 0.969037, -0.22014, 0.268781, 0.242769, 0.932105, -0.000734001, 6.33046e-05, -6.37015 )
bones/25/enabled = true
bones/25/bound_children = [  ]
bones/26/name = "indexFinger_01_r"
bones/26/parent = 23
bones/26/rest = Transform( 0.999964, -1.19495e-06, -0.0085248, 0.00112054, 0.991342, 0.131301, 0.00845083, -0.131305, 0.991306, -0.398926, -2.67266, -10.3966 )
bones/26/enabled = true
bones/26/bound_children = [  ]
bones/27/name = "indexFinger_02_r"
bones/27/parent = 26
bones/27/rest = Transform( 0.980655, 0.000185257, -0.195745, -0.00441071, 0.999767, -0.0211509, 0.195695, 0.0216051, 0.980427, -7.95665e-06, -1.42217e-06, -4.09358 )
bones/27/enabled = true
bones/27/bound_children = [  ]
bones/28/name = "indexFinger_03_r"
bones/28/parent = 27
bones/28/rest = Transform( 0.993409, 0.0108618, -0.114111, -0.0167244, 0.998582, -0.0505451, 0.1134, 0.0521204, 0.992181, 0.000267646, -3.84685e-06, -3.79123 )
bones/28/enabled = true
bones/28/bound_children = [  ]
bones/29/name = "finger_01_r"
bones/29/parent = 23
bones/29/rest = Transform( 0.993599, 2.9467e-06, -0.112968, -0.00992328, 0.996137, -0.0872532, 0.112531, 0.0878157, 0.98976, 0.116057, 3.28334, -9.9825 )
bones/29/enabled = true
bones/29/bound_children = [  ]
bones/30/name = "finger_02_r"
bones/30/parent = 29
bones/30/rest = Transform( 0.999081, -0.00444237, -0.0426259, 0.00610076, 0.999226, 0.0388549, 0.0424204, -0.0390793, 0.998335, 9.90182e-06, -3.87779e-07, -4.24882 )
bones/30/enabled = true
bones/30/bound_children = [  ]
bones/31/name = "finger_03_r"
bones/31/parent = 30
bones/31/rest = Transform( 0.982224, 0.0228163, -0.18632, -0.0492672, 0.989123, -0.138597, 0.181131, 0.145313, 0.972664, -1.18688e-05, 3.9849e-07, -3.5133 )
bones/31/enabled = true
bones/31/bound_children = [  ]
bones/32/name = "Thigh_R"
bones/32/parent = 0
bones/32/rest = Transform( 0.00464499, 0.988775, 0.149337, 0.999496, 9.85861e-05, -0.0317403, -0.0313988, 0.149409, -0.988277, -2.69207, 9.89671, 4.11578 )
bones/32/enabled = true
bones/32/bound_children = [  ]
bones/33/name = "calf_r"
bones/33/parent = 32
bones/33/rest = Transform( 0.169606, 0.985213, 0.0242856, -0.984749, 0.168454, 0.0435028, 0.0387685, -0.0312936, 0.998758, 3.28352e-05, -1.78229e-06, -39.9309 )
bones/33/enabled = true
bones/33/bound_children = [  ]
bones/34/name = "Foot_R"
bones/34/parent = 33
bones/34/rest = Transform( -0.474358, -0.168194, 0.864115, 0.0875339, -0.985726, -0.143813, 0.87597, 0.00742038, 0.482309, 4.70877e-06, 0.000241562, -37.7124 )
bones/34/enabled = true
bones/34/bound_children = [  ]
bones/35/name = "ball_r"
bones/35/parent = 34
bones/35/rest = Transform( 0.854183, 2.61676e-06, -0.519973, -2.5855e-06, 1, 7.85173e-07, 0.519973, 6.73707e-07, 0.854183, 5.32403e-06, 2.83581e-05, -11.284 )
bones/35/enabled = true
bones/35/bound_children = [  ]
bones/36/name = "Thigh_L"
bones/36/parent = 0
bones/36/rest = Transform( -0.0050205, 0.988774, 0.149337, 0.999495, 0.000280321, 0.0317419, 0.0313434, 0.149421, -0.988277, -2.69207, -9.89671, 4.11578 )
bones/36/enabled = true
bones/36/bound_children = [  ]
bones/37/name = "calf_l"
bones/37/parent = 36
bones/37/rest = Transform( 0.169243, -0.985275, -0.0243007, 0.984812, 0.168091, 0.0434937, -0.0387686, -0.0312927, 0.998758, 1.23726e-06, -2.56317e-07, -39.931 )
bones/37/enabled = true
bones/37/bound_children = [  ]
bones/38/name = "Foot_L"
bones/38/parent = 37
bones/38/rest = Transform( -0.474356, 0.168206, -0.864115, -0.0875442, -0.985724, -0.143821, -0.87597, 0.00742592, 0.482309, 2.58386e-05, 3.8152e-05, -37.7123 )
bones/38/enabled = true
bones/38/bound_children = [  ]
bones/39/name = "ball_l"
bones/39/parent = 38
bones/39/rest = Transform( 0.854183, -5.99649e-08, 0.519973, 4.05137e-07, 1, -5.50214e-07, -0.519973, 6.80644e-07, 0.854183, -4.12633e-06, 2.75338e-05, -11.284 )
bones/39/enabled = true
bones/39/bound_children = [  ]
bones/40/name = "ik_foot_root"
bones/40/parent = -1
bones/40/rest = Transform( 2.35457e-07, -9.31287e-10, 1, -1, -1.59028e-07, 1.15317e-07, 1.59028e-07, -1, -9.31323e-10, 2.8871e-08, 7.7486e-07, 1.01607e-06 )
bones/40/enabled = true
bones/40/bound_children = [  ]
bones/41/name = "ik_foot_l"
bones/41/parent = 40
bones/41/rest = Transform( -1, -1.50996e-07, 0, 0, 0, 1, -1.50996e-07, 1, 0, 3.68738, 5.56941, 11.4443 )
bones/41/enabled = true
bones/41/bound_children = [  ]
bones/42/name = "ik_foot_r"
bones/42/parent = 40
bones/42/rest = Transform( -1, -3.89414e-07, 0, 0, 0, -1, 3.89414e-07, -1, 0, 3.68737, 5.56941, -11.4443 )
bones/42/enabled = true
bones/42/bound_children = [  ]
bones/43/name = "ik_hand_root"
bones/43/parent = -1
bones/43/rest = Transform( 1, 2.6921e-10, 5.52973e-10, -2.6921e-10, 1, 3.51574e-08, -5.52973e-10, -3.51574e-08, 1, 2.8871e-08, 7.7486e-07, 1.01607e-06 )
bones/43/enabled = true
bones/43/bound_children = [  ]
bones/44/name = "ik_hand_gun"
bones/44/parent = 43
bones/44/rest = Transform( 0, -2.9816e-09, -1, 1.48014e-07, -1, 2.9816e-09, -1, -1.48014e-07, 0, -79.9632, -3.41738, -136.094 )
bones/44/enabled = true
bones/44/bound_children = [  ]
bones/45/name = "ik_hand_l"
bones/45/parent = 44
bones/45/rest = Transform( -1, -1.50996e-07, 5.52863e-10, 1.50996e-07, -1, -2.71239e-09, 5.52864e-10, -2.71239e-09, 1, 0.000152158, 5.32404e-06, -159.926 )
bones/45/enabled = true
bones/45/bound_children = [  ]
bones/46/name = "ik_hand_r"
bones/46/parent = 44
bones/46/rest = Transform( 1, -3.13972e-08, 5.52973e-10, 3.13972e-08, 1, -2.71239e-09, -5.52973e-10, 2.71239e-09, 1, -3.41458e-07, 2.50605e-06, -7.71576e-06 )
bones/46/enabled = true
bones/46/bound_children = [  ]

[node name="AnimationPlayer" type="AnimationPlayer" parent="Root"]
anims/Root|Root|ShakeFrighten|Root|ShakeFrighten = ExtResource( 3 )

[node name="SK_Character_Business_Man_01" type="MeshInstance" parent="Root"]
transform = Transform( 1, -1.77824e-08, -6.98492e-10, 4.71482e-09, 1, 0, -4.65661e-10, -2.98023e-08, 1, 4.41074e-06, -1.90735e-06, 7.62939e-06 )
mesh = ExtResource( 2 )
material/0 = ExtResource( 1 )

[node name="AnimationTree" type="AnimationTree" parent="Root"]
tree_root = SubResource( 5 )
anim_player = NodePath("../AnimationPlayer")
active = true
parameters/playback = SubResource( 6 )
